% 找出日期数组中所有缺失的元素索引值
% 作者：黄锦伟
% 2016-04-17
% 使用方法：
% 输入数组[20160102 20160103 20160105 20160106 20160108]
% 将会得到[3 5]，表示输入数组的第3和5的位置为日期的不连续位置

date_arr1 = [20160229 20160301 20160302];
date_arr2 = [20150228 20150301 20150302];
date_arr3 = [20160331 20160401 20160402];
date_arr4 = [20160430 20160501 20160502];
date_arr5 = [20151230 20151231 20160101];

idx = find_missing_date([20160102 20160103 20160105 20160106 20160108]);